0.0 0.6457023060796646 0.6834381551362684 0.5807127882599581 0.6802935010482181 0.4758909853249476 0.5733752620545073 0.30712788259958074 0.49266247379454925 0.6247379454926625
0.6457023060796646 0.0 0.3165618448637317 0.549266247379455 0.31865828092243187 0.4643605870020964 0.29350104821802936 0.560796645702306 0.6027253668763103 0.6142557651991615
0.6834381551362684 0.3165618448637317 0.0 0.6268343815513627 0.48951781970649894 0.5775681341719078 0.4758909853249476 0.6383647798742138 0.6488469601677149 0.6635220125786163
0.5807127882599581 0.549266247379455 0.6268343815513627 0.0 0.6268343815513627 0.3018867924528302 0.4549266247379455 0.47064989517819705 0.5828092243186582 0.319706498951782
0.6802935010482181 0.31865828092243187 0.48951781970649894 0.6268343815513627 0.0 0.5545073375262054 0.44758909853249473 0.6069182389937107 0.6488469601677149 0.6781970649895178
0.4758909853249476 0.4643605870020964 0.5775681341719078 0.3018867924528302 0.5545073375262054 0.0 0.29559748427672955 0.3039832285115304 0.4979035639412998 0.47379454926624737
0.5733752620545073 0.29350104821802936 0.4758909853249476 0.4549266247379455 0.44758909853249473 0.29559748427672955 0.0 0.4612159329140461 0.5733752620545073 0.570230607966457
0.30712788259958074 0.560796645702306 0.6383647798742138 0.47064989517819705 0.6069182389937107 0.3039832285115304 0.4612159329140461 0.0 0.34067085953878407 0.5744234800838575
0.49266247379454925 0.6027253668763103 0.6488469601677149 0.5828092243186582 0.6488469601677149 0.4979035639412998 0.5733752620545073 0.34067085953878407 0.0 0.6215932914046122
0.6247379454926625 0.6142557651991615 0.6635220125786163 0.319706498951782 0.6781970649895178 0.47379454926624737 0.570230607966457 0.5744234800838575 0.6215932914046122 0.0